19

5
9 6 4 1 6

8
9 4 9 8 9 1 2 1

626
827 295 492 687 638 269 437 596 871 110 445 820 729 361 861 239 646 373 126 669 763 436 154 544 741 243 409 540 960 462 931 880 830 286 139 386 786 941 749 971 281 314 501 475 166 517 282 593 176 781 200 815 152 107 574 781 366 288 575 934 631 775 319 217 722 815 783 895 450 560 238 968 685 631 767 475 810 719 399 195 317 653 665 946 227 892 861 573 839 561 670 803 743 655 471 447 692 732 120 430 684 118 766 750 706 129 649 118 993 399 410 201 730 240 841 431 914 592 149 460 938 227 185 409 559 265 967 967 993 329 587 780 662 539 260 335 232 612 601 237 778 572 911 923 684 858 315 717 832 682 799 317 658 381 218 673 858 532 260 734 322 543 537 557 965 814 952 731 117 990 955 673 821 710 829 888 340 449 796 731 384 564 369 866 319 605 730 915 956 470 182 471 613 200 258 830 497 633 536 411 192 247 815 594 442 381 963 326 507 546 658 882 582 345 427 724 257 924 611 740 145 603 252 523 490 628 317 107 443 384 232 325 627 759 698 833 832 243 845 691 292 347 201 273 558 815 417 864 471 451 114 734 651 531 282 697 939 236 164 471 747 278 909 756 542 931 971 265 482 327 930 241 291 182 439 784 260 489 767 801 905 114 568 921 479 333 744 843 816 370 465 802 506 898 366 993 289 568 971 254 882 625 151 880 563 178 666 522 644 805 413 630 514 799 299 727 857 978 705 705 341 787 512 747 599 281 626 364 174 735 919 637 481 357 565 556 636 351 497 777 592 198 605 849 555 533 742 445 396 525 758 930 956 596 857 245 551 794 253 525 706 940 600 502 825 952 541 161 145 893 331 671 716 709 698 130 623 513 359 930 898 666 599 312 505 991 188 915 173 166 176 527 551 786 949 424 906 173 201 895 839 483 136 402 465 831 702 199 901 443 950 355 738 432 194 357 528 946 962 964 667 245 109 414 538 781 942 386 981 324 336 524 878 633 759 285 416 213 411 292 427 926 477 205 287 121 876 378 182 324 132 617 384 131 888 520 852 406 249 419 933 996 802 620 646 412 757 740 391 794 676 255 561 356 724 440 582 436 231 122 181 459 727 708 363 131 623 392 341 202 532 694 856 204 714 154 832 487 344 347 322 437 993 682 307 637 911 780 967 415 264 596 825 560 652 713 275 713 579 140 710 245 610 463 118 204 680 561 748 806 196 292 602 457 676 543 237 918 699 819 750 889 310 580 613 566 326 117 494 315 329 569 708 456 762 389 330 682 373 319 795 890 828 560 736 366 352 902 594 451 703 299 716 501 993 225 452 554 449 580 302 324 941 540 214 404 485 343 679 774 583 814 592 914 814 812 261 525 862 360 226 764 752 637 631 495 727 861 808 777 473 431 572 732 231 259 346 221 433 287 653 325 109 416 101 111

881
110 752 895 686 488 141 226 180 829 621 351 118 343 926 659 435 315 723 850 339 961 561 278 465 839 139 892 367 966 621 135 910 563 124 143 646 347 573 623 564 571 756 595 211 366 899 218 713 537 722 377 902 502 457 722 223 754 411 173 340 405 480 313 123 498 617 178 949 302 718 922 537 804 845 131 807 404 714 463 141 642 513 758 234 151 835 967 300 308 808 406 231 949 184 508 391 740 447 846 906 808 281 758 832 812 998 921 478 229 598 351 607 434 803 218 112 958 474 868 522 514 184 451 976 120 737 430 228 576 789 962 750 836 188 254 517 987 936 663 109 161 472 218 107 690 646 591 994 175 982 592 939 565 660 175 135 428 694 377 316 390 301 450 127 263 386 431 522 140 141 797 175 840 118 518 787 837 943 245 519 257 408 550 339 635 182 553 655 947 450 227 796 863 951 416 505 895 488 770 939 895 156 959 799 585 697 421 176 668 380 772 325 537 505 805 661 736 249 496 465 895 324 903 481 390 583 171 802 544 996 891 435 449 103 398 388 852 119 435 958 879 568 494 331 964 902 410 554 183 195 269 533 517 706 956 283 302 501 582 962 778 376 436 553 458 916 593 768 412 383 427 801 230 996 531 521 943 751 249 943 379 462 855 881 961 220 823 508 172 186 446 677 398 231 547 529 435 998 342 562 819 957 415 373 246 762 999 769 261 428 483 388 267 380 584 530 324 525 560 859 291 388 596 830 749 174 684 446 550 463 817 842 426 229 239 344 455 485 825 634 348 545 819 260 741 410 897 647 543 884 372 238 766 254 352 420 964 540 706 920 507 354 266 373 153 839 471 947 597 416 922 104 228 896 545 319 664 896 800 797 696 888 387 445 379 760 884 781 587 608 390 421 138 252 759 655 917 122 390 208 268 751 572 449 581 906 607 150 390 196 123 381 913 185 605 168 228 823 836 853 971 140 905 980 663 848 735 901 916 567 734 717 975 763 984 642 772 497 254 622 441 829 404 538 701 553 819 729 955 648 709 821 269 179 462 919 356 137 987 107 900 563 593 324 910 361 498 563 508 739 333 176 909 123 463 415 580 674 314 859 252 627 491 418 558 534 653 639 248 264 344 230 946 777 399 837 796 199 187 736 606 780 367 530 749 451 135 402 579 151 454 451 132 904 170 774 838 107 458 411 553 983 364 460 542 871 639 369 677 928 321 486 240 723 697 641 992 847 984 475 562 969 224 804 112 406 558 755 370 697 292 748 573 142 118 153 423 492 158 495 909 600 291 500 934 619 681 532 777 790 619 205 933 790 438 456 140 479 958 396 852 306 838 489 597 170 489 112 690 595 722 106 826 125 495 111 859 631 207 703 113 456 933 615 646 779 351 949 688 291 727 828 691 403 476 489 989 271 108 367 472 590 463 695 156 529 633 287 148 383 408 840 254 934 107 680 632 782 167 631 233 591 425 122 433 132 927 603 795 560 127 993 553 612 178 180 358 930 290 597 644 851 985 586 850 170 386 540 848 701 551 929 573 201 220 768 901 519 329 241 134 617 588 800 485 954 179 150 751 622 193 120 852 324 748 892 921 801 830 714 881 579 779 662 982 193 999 177 431 158 413 666 590 109 202 258 506 188 244 498 132 654 797 503 834 361 957 552 220 537 629 494 145 216 900 929 573 825 954 291 267 180 663 195 491 154 932 168 655 560 352 284 843 317 242 188 314 663 476 244 636 782 176 558 922 494 624 835 589 653 549 778 836 909 633 301 671 539 172 206 220 178 200 728 656 945 480 521 645 602 815 773 936 365 961 517 507 413 603 590 994 332 868 155 328 729 713 819 199 991 690 240 206 928 515 995 225 346 947 155 264 810 785 302 598 515 830 220 712 328 388 871 671 343 770 933 575 567 359 164 170 739 943 922 228 597 940 298 730 440 112 328 588 234 754 855 996 177 901 206 456 578 232 142 632 206 204 778 668 483 812 263 243 857 861 403 683 185 340 505 982

710
1 1 1 1 1 1 1 1 1 1 1 1 1 1 1 1 1 1 1 1 1 1 1 1 1 1 1 1 1 1 1 1 1 1 1 1 1 1 1 1 1 1 1 1 1 1 1 1 1 1 1 1 1 1 1 1 1 1 1 1 1 1 1 1 1 1 1 1 1 1 1 1 1 1 1 1 1 1 1 1 1 1 1 1 2 2 2 2 2 2 2 2 2 2 2 2 2 2 2 2 2 2 2 2 2 2 2 2 2 2 2 2 2 2 2 2 2 2 2 2 2 2 2 2 2 2 2 2 2 2 2 2 2 2 2 2 2 2 2 2 2 2 2 2 2 2 2 2 2 2 2 2 2 2 2 2 2 2 2 2 2 2 2 2 2 3 3 3 3 3 3 3 3 3 3 3 3 3 3 3 3 3 3 3 3 3 3 3 3 3 3 3 3 3 3 3 3 3 3 3 3 3 3 3 3 3 3 3 3 3 3 3 3 3 3 3 3 3 3 3 3 3 3 3 3 3 3 3 3 3 3 3 3 3 3 3 3 3 3 3 3 3 3 3 3 3 3 3 3 3 3 3 3 3 3 3 3 4 4 4 4 4 4 4 4 4 4 4 4 4 4 4 4 4 4 4 4 4 4 4 4 4 4 4 4 4 4 4 4 4 4 4 4 4 4 4 4 4 4 4 4 4 4 4 4 4 4 4 4 4 4 4 4 4 4 4 4 4 4 4 4 4 4 4 4 4 4 4 4 4 4 4 4 4 4 4 4 4 4 4 4 5 5 5 5 5 5 5 5 5 5 5 5 5 5 5 5 5 5 5 5 5 5 5 5 5 5 5 5 5 5 5 5 5 5 5 5 5 5 5 5 5 5 5 5 5 5 5 5 5 5 5 5 5 5 5 5 5 5 5 5 5 5 5 5 5 5 5 5 5 5 5 5 5 5 5 5 5 6 6 6 6 6 6 6 6 6 6 6 6 6 6 6 6 6 6 6 6 6 6 6 6 6 6 6 6 6 6 6 6 6 6 6 6 6 6 6 6 6 6 6 6 6 6 6 6 6 6 6 6 6 6 6 6 6 6 6 6 6 6 6 6 6 6 6 6 6 6 6 6 6 6 6 6 7 7 7 7 7 7 7 7 7 7 7 7 7 7 7 7 7 7 7 7 7 7 7 7 7 7 7 7 7 7 7 7 7 7 7 7 7 7 7 7 7 7 7 7 7 7 7 7 7 7 7 7 7 7 7 7 7 7 7 7 7 7 7 7 7 7 7 7 7 8 8 8 8 8 8 8 8 8 8 8 8 8 8 8 8 8 8 8 8 8 8 8 8 8 8 8 8 8 8 8 8 8 8 8 8 8 8 8 8 8 8 8 8 8 8 8 8 8 8 8 8 8 8 8 8 8 8 8 8 8 8 8 8 8 8 8 8 8 8 8 8 8 8 8 8 8 8 8 9 9 9 9 9 9 9 9 9 9 9 9 9 9 9 9 9 9 9 9 9 9 9 9 9 9 9 9 9 9 9 9 9 9 9 9 9 9 9 9 9 9 9 9 9 9 9 9 9 9 9 9 9 9 9 9 9 9 9 9 9 9 9 9 9 9 9 9

429
434 951 137 292 278 508 920 521 683 808 711 998 375 409 316 387 669 460 830 630 288 231 101 155 947 266 818 814 660 661 483 772 833 536 354 346 401 517 564 399 715 588 886 677 195 918 518 326 683 384 789 948 706 206 935 591 766 713 158 855 478 639 484 607 336 244 630 747 170 688 433 827 221 689 567 832 880 993 786 839 791 398 740 617 983 373 366 426 632 130 228 514 339 692 333 904 793 723 625 132 136 786 432 775 358 889 101 929 705 554 947 523 332 874 386 996 143 294 979 698 598 106 488 884 814 288 484 203 110 877 167 102 487 730 479 611 145 873 430 763 629 468 723 808 918 455 706 633 366 478 621 893 256 274 626 918 985 493 614 957 672 376 311 187 768 871 607 502 287 722 781 724 659 400 815 360 508 661 602 657 263 167 230 353 689 322 775 973 305 663 730 149 524 944 557 500 929 391 310 460 604 670 488 337 298 756 850 122 922 612 290 923 492 599 612 231 998 251 871 835 814 594 315 571 144 538 907 392 339 209 840 554 962 641 754 264 897 796 255 556 924 532 428 870 304 494 708 836 542 474 729 244 417 594 494 709 129 929 289 335 235 175 911 751 746 320 878 837 733 225 307 946 645 915 462 908 784 965 442 618 399 714 495 644 699 832 784 809 310 947 924 278 629 405 407 263 815 861 688 320 396 244 283 821 373 514 169 466 128 107 143 586 448 435 871 619 882 631 955 947 206 660 334 956 143 935 103 447 492 623 683 796 359 495 323 720 918 373 456 104 483 157 891 831 789 238 591 878 966 999 477 131 650 935 527 771 195 745 293 140 695 319 826 602 581 718 101 366 462 968 702 937 823 939 213 567 359 890 641 886 252 663 767 979 746 502 641 625 489 508 729 842 317 314 563 669 697 324 966 542 594 678 340 853 114 318 274 258 858 339 781 203 931 608 956 171 343 872 146 458 869 151 595 609 807 412 940 929 363

782
26 72 37 22 49 58 56 29 95 56 25 69 88 15 76 87 47 20 82 18 17 62 58 70 23 68 30 67 94 37 31 31 33 12 79 43 89 43 64 67 37 36 82 78 87 27 29 98 29 42 38 17 63 27 65 12 52 51 10 47 20 35 41 67 97 55 99 79 55 85 93 80 31 33 13 42 94 98 62 92 34 36 67 66 72 19 72 88 98 84 73 88 74 50 42 19 83 78 15 84 49 50 29 72 68 99 80 59 31 58 27 81 48 54 93 44 79 94 85 57 45 78 55 30 28 53 28 25 10 65 87 42 45 33 46 40 29 81 50 76 66 97 73 56 59 53 81 33 98 81 12 76 61 27 90 98 72 23 52 43 38 99 99 16 83 52 13 19 52 44 14 64 75 88 71 47 40 70 93 26 31 98 71 47 85 21 97 65 71 68 87 33 55 64 73 95 76 30 62 91 63 14 46 23 19 20 34 48 87 86 31 80 55 87 45 82 61 97 32 63 51 44 53 42 26 30 69 77 63 57 34 77 21 60 75 81 56 13 84 78 11 91 72 97 82 42 27 32 60 18 17 89 70 97 43 17 10 96 34 80 85 42 66 39 85 77 58 82 41 23 44 52 98 34 53 61 96 50 73 25 29 77 31 96 69 87 94 25 80 14 48 53 24 46 57 18 12 97 68 74 35 79 35 19 15 26 29 96 85 84 78 19 85 63 66 24 73 39 64 74 81 71 48 71 84 70 40 49 56 37 31 92 33 40 98 72 20 20 55 99 50 22 46 30 71 98 53 43 43 99 69 32 31 91 56 26 24 96 81 91 20 85 12 38 77 85 85 42 18 51 95 60 26 20 36 29 62 23 95 26 21 68 64 16 65 32 69 38 97 33 61 47 91 49 22 26 78 28 52 13 30 96 27 96 79 19 85 40 26 38 44 16 83 11 52 85 51 60 56 39 48 39 95 22 90 37 83 58 46 60 74 57 42 32 33 32 64 40 97 27 91 39 42 73 26 20 38 56 51 75 36 59 70 88 40 80 82 67 49 12 53 75 99 16 49 40 39 56 22 39 40 37 32 70 53 92 59 67 55 91 50 45 72 48 26 45 68 82 65 93 20 92 82 89 73 68 99 36 41 50 23 26 18 94 86 90 44 34 56 71 87 56 91 61 88 35 88 61 59 45 34 21 96 53 63 74 54 56 82 77 46 86 78 24 96 96 48 63 84 63 65 14 46 47 58 20 76 99 69 11 98 22 28 49 97 70 51 91 77 10 18 18 12 98 71 83 18 41 22 33 74 92 31 21 67 62 26 17 48 61 54 84 70 66 43 60 65 81 58 63 46 79 40 72 78 88 96 15 55 39 76 93 72 29 94 85 84 24 95 68 27 71 60 56 52 41 93 43 94 64 91 75 21 48 52 56 36 26 48 94 80 33 33 12 87 89 14 37 49 93 10 15 55 96 89 96 42 16 18 39 19 84 81 11 43 60 35 18 67 79 49 71 83 40 83 11 36 32 23 39 71 91 34 15 86 99 94 66 72 99 89 49 30 77 22 44 22 85 91 92 41 81 44 34 60 80 29 25 81 96 98 28 66 30 75 78 35 41 49 67 27 15 29 52 64 61 12 93 10 50 51 51 99 63 43 42 13 58 30 25 62 35 41 89 43 87 61 63 63 34 93 91 47 61 66 60 45 28 83 93 34 65 26 11 56 21 59 39 43 54 49 99 28 56 38 87 49 40 37 73 58 41 76 98 77 55 78 98 75 22 81 31

814
471 472 471 474 471 472 471 478 471 472 471 474 471 472 471 486 471 472 471 474 471 472 471 478 471 472 471 474 471 472 471 502 471 472 471 474 471 472 471 478 471 472 471 474 471 472 471 486 471 472 471 474 471 472 471 478 471 472 471 474 471 472 471 534 471 472 471 474 471 472 471 478 471 472 471 474 471 472 471 486 471 472 471 474 471 472 471 478 471 472 471 474 471 472 471 502 471 472 471 474 471 472 471 478 471 472 471 474 471 472 471 486 471 472 471 474 471 472 471 478 471 472 471 474 471 472 471 598 471 472 471 474 471 472 471 478 471 472 471 474 471 472 471 486 471 472 471 474 471 472 471 478 471 472 471 474 471 472 471 502 471 472 471 474 471 472 471 478 471 472 471 474 471 472 471 486 471 472 471 474 471 472 471 478 471 472 471 474 471 472 471 534 471 472 471 474 471 472 471 478 471 472 471 474 471 472 471 486 471 472 471 474 471 472 471 478 471 472 471 474 471 472 471 502 471 472 471 474 471 472 471 478 471 472 471 474 471 472 471 486 471 472 471 474 471 472 471 478 471 472 471 474 471 472 471 726 471 472 471 474 471 472 471 478 471 472 471 474 471 472 471 486 471 472 471 474 471 472 471 478 471 472 471 474 471 472 471 502 471 472 471 474 471 472 471 478 471 472 471 474 471 472 471 486 471 472 471 474 471 472 471 478 471 472 471 474 471 472 471 534 471 472 471 474 471 472 471 478 471 472 471 474 471 472 471 486 471 472 471 474 471 472 471 478 471 472 471 474 471 472 471 502 471 472 471 474 471 472 471 478 471 472 471 474 471 472 471 486 471 472 471 474 471 472 471 478 471 472 471 474 471 472 471 598 471 472 471 474 471 472 471 478 471 472 471 474 471 472 471 486 471 472 471 474 471 472 471 478 471 472 471 474 471 472 471 502 471 472 471 474 471 472 471 478 471 472 471 474 471 472 471 486 471 472 471 474 471 472 471 478 471 472 471 474 471 472 471 534 471 472 471 474 471 472 471 478 471 472 471 474 471 472 471 486 471 472 471 474 471 472 471 478 471 472 471 474 471 472 471 502 471 472 471 474 471 472 471 478 471 472 471 474 471 472 471 486 471 472 471 474 471 472 471 478 471 472 471 474 471 472 471 982 471 472 471 474 471 472 471 478 471 472 471 474 471 472 471 486 471 472 471 474 471 472 471 478 471 472 471 474 471 472 471 502 471 472 471 474 471 472 471 478 471 472 471 474 471 472 471 486 471 472 471 474 471 472 471 478 471 472 471 474 471 472 471 534 471 472 471 474 471 472 471 478 471 472 471 474 471 472 471 486 471 472 471 474 471 472 471 478 471 472 471 474 471 472 471 502 471 472 471 474 471 472 471 478 471 472 471 474 471 472 471 486 471 472 471 474 471 472 471 478 471 472 471 474 471 472 471 598 471 472 471 474 471 472 471 478 471 472 471 474 471 472 471 486 471 472 471 474 471 472 471 478 471 472 471 474 471 472 471 502 471 472 471 474 471 472 471 478 471 472 471 474 471 472 471 486 471 472 471 474 471 472 471 478 471 472 471 474 471 472 471 534 471 472 471 474 471 472 471 478 471 472 471 474 471 472 471 486 471 472 471 474 471 472 471 478 471 472 471 474 471 472 471 502 471 472 471 474 471 472 471 478 471 472 471 474 471 472 471 486 471 472 471 474 471 472 471 478 471 472 471 474 471 472 471 726 471 472 471 474 471 472 471 478 471 472 471 474 471 472 471 486 471 472 471 474 471 472 471 478 471 472 471 474 471 472 471 502 471 472 471 474 471 472 471 478 471 472 471 474 471 472

744
127 128 127 130 127 128 127 134 127 128 127 130 127 128 127 142 127 128 127 130 127 128 127 134 127 128 127 130 127 128 127 158 127 128 127 130 127 128 127 134 127 128 127 130 127 128 127 142 127 128 127 130 127 128 127 134 127 128 127 130 127 128 127 190 127 128 127 130 127 128 127 134 127 128 127 130 127 128 127 142 127 128 127 130 127 128 127 134 127 128 127 130 127 128 127 158 127 128 127 130 127 128 127 134 127 128 127 130 127 128 127 142 127 128 127 130 127 128 127 134 127 128 127 130 127 128 127 254 127 128 127 130 127 128 127 134 127 128 127 130 127 128 127 142 127 128 127 130 127 128 127 134 127 128 127 130 127 128 127 158 127 128 127 130 127 128 127 134 127 128 127 130 127 128 127 142 127 128 127 130 127 128 127 134 127 128 127 130 127 128 127 190 127 128 127 130 127 128 127 134 127 128 127 130 127 128 127 142 127 128 127 130 127 128 127 134 127 128 127 130 127 128 127 158 127 128 127 130 127 128 127 134 127 128 127 130 127 128 127 142 127 128 127 130 127 128 127 134 127 128 127 130 127 128 127 382 127 128 127 130 127 128 127 134 127 128 127 130 127 128 127 142 127 128 127 130 127 128 127 134 127 128 127 130 127 128 127 158 127 128 127 130 127 128 127 134 127 128 127 130 127 128 127 142 127 128 127 130 127 128 127 134 127 128 127 130 127 128 127 190 127 128 127 130 127 128 127 134 127 128 127 130 127 128 127 142 127 128 127 130 127 128 127 134 127 128 127 130 127 128 127 158 127 128 127 130 127 128 127 134 127 128 127 130 127 128 127 142 127 128 127 130 127 128 127 134 127 128 127 130 127 128 127 254 127 128 127 130 127 128 127 134 127 128 127 130 127 128 127 142 127 128 127 130 127 128 127 134 127 128 127 130 127 128 127 158 127 128 127 130 127 128 127 134 127 128 127 130 127 128 127 142 127 128 127 130 127 128 127 134 127 128 127 130 127 128 127 190 127 128 127 130 127 128 127 134 127 128 127 130 127 128 127 142 127 128 127 130 127 128 127 134 127 128 127 130 127 128 127 158 127 128 127 130 127 128 127 134 127 128 127 130 127 128 127 142 127 128 127 130 127 128 127 134 127 128 127 130 127 128 127 638 127 128 127 130 127 128 127 134 127 128 127 130 127 128 127 142 127 128 127 130 127 128 127 134 127 128 127 130 127 128 127 158 127 128 127 130 127 128 127 134 127 128 127 130 127 128 127 142 127 128 127 130 127 128 127 134 127 128 127 130 127 128 127 190 127 128 127 130 127 128 127 134 127 128 127 130 127 128 127 142 127 128 127 130 127 128 127 134 127 128 127 130 127 128 127 158 127 128 127 130 127 128 127 134 127 128 127 130 127 128 127 142 127 128 127 130 127 128 127 134 127 128 127 130 127 128 127 254 127 128 127 130 127 128 127 134 127 128 127 130 127 128 127 142 127 128 127 130 127 128 127 134 127 128 127 130 127 128 127 158 127 128 127 130 127 128 127 134 127 128 127 130 127 128 127 142 127 128 127 130 127 128 127 134 127 128 127 130 127 128 127 190 127 128 127 130 127 128 127 134 127 128 127 130 127 128 127 142 127 128 127 130 127 128 127 134 127 128 127 130 127 128 127 158 127 128 127 130 127 128 127 134

501
51 15 56 54 32 90 92 13 78 48 50 56 32 59 64 39 61 28 84 45 92 50 73 60 47 82 20 24 71 21 74 50 49 43 39 81 52 55 46 44 88 93 16 48 88 13 98 90 27 25 35 68 59 38 43 12 25 41 22 99 36 68 84 90 29 72 98 27 45 57 26 22 16 98 40 77 64 99 48 70 81 15 14 28 62 39 68 97 65 19 29 54 73 70 33 89 33 65 23 34 34 32 69 69 49 13 72 70 92 55 35 25 14 49 24 62 75 71 72 69 79 93 52 79 62 55 47 74 17 66 37 22 83 21 86 44 76 23 12 49 41 33 10 22 80 62 91 14 72 71 99 54 99 89 48 75 88 76 86 42 51 87 75 56 58 82 20 68 76 95 90 36 30 22 48 20 36 41 89 55 92 34 69 19 27 69 20 99 32 53 96 80 30 57 36 25 29 20 88 83 21 43 82 54 75 61 50 69 32 27 92 74 35 23 85 92 57 66 11 75 75 42 36 55 63 19 96 18 28 68 59 12 57 59 75 15 11 75 40 22 78 27 55 46 56 16 17 52 29 18 60 91 61 30 47 13 36 47 13 84 29 74 80 18 87 43 93 65 44 68 33 33 51 40 96 11 82 90 32 85 51 46 98 85 60 27 51 78 16 67 66 39 66 43 20 52 81 25 55 79 69 51 63 31 23 67 29 87 18 99 27 68 70 14 63 24 43 76 56 49 32 86 61 94 20 48 61 87 65 12 26 81 75 25 89 57 18 69 65 89 20 44 48 16 12 45 24 85 11 23 73 30 30 80 20 46 39 33 67 90 13 75 75 49 96 26 15 93 68 15 23 44 61 49 79 19 16 85 29 65 58 54 82 78 64 24 57 59 60 73 41 31 10 92 30 86 19 36 64 25 57 50 31 61 82 65 62 19 36 83 59 95 66 12 22 10 50 15 18 59 19 95 77 24 37 26 52 75 41 68 55 82 43 78 86 73 59 18 51 98 11 73 46 15 67 32 95 11 14 25 35 25 80 35 71 44 34 46 88 67 53 16 14 15 57 62 42 19 25 39 94 28 89 14 84 48 18 75 46 19 50 27 97 53 33 67 50 12 76 15 70 91 23 17 15 62 41 32 95 43 82

502
68 78 22 88 11 79 93 86 42 72 54 19 97 80 80 87 25 73 82 11 49 91 41 44 95 83 24 49 92 55 65 73 18 59 28 82 96 85 24 25 60 57 23 41 41 88 57 83 26 67 78 85 24 54 58 64 13 17 63 24 45 21 77 26 63 53 29 97 72 27 21 53 41 29 43 24 79 11 38 64 21 30 18 25 39 10 80 62 16 12 15 78 48 81 37 64 71 19 87 28 61 62 53 81 29 35 78 44 82 51 85 70 52 24 81 15 95 20 28 33 20 45 16 76 53 28 35 97 33 47 89 52 30 80 35 60 91 79 19 69 74 62 37 48 31 20 74 15 98 29 87 64 92 43 70 49 34 92 30 29 20 53 57 49 72 35 83 37 83 92 63 46 61 93 47 76 83 86 92 16 19 89 60 98 42 29 29 48 60 97 90 46 94 98 84 66 49 30 99 27 54 43 45 80 66 47 36 22 69 49 17 71 99 24 10 11 62 76 98 85 36 89 66 97 62 94 91 39 17 23 95 12 24 10 34 90 41 27 83 33 19 26 43 28 19 66 91 64 76 85 94 97 62 17 36 40 95 71 38 81 39 63 20 96 24 64 41 19 42 66 66 36 85 20 47 93 97 14 38 89 36 94 94 51 20 93 47 98 86 63 65 75 38 41 66 91 27 98 58 27 83 79 69 86 39 16 72 86 48 56 15 28 57 93 45 60 21 93 82 40 79 26 42 26 34 44 98 95 28 30 33 60 35 10 76 79 44 89 15 91 20 27 36 32 28 51 79 24 81 50 18 20 41 74 23 25 11 47 82 37 18 99 64 79 19 75 80 77 27 73 99 95 69 15 58 56 33 28 78 35 71 47 12 55 21 82 71 97 87 68 74 43 85 44 56 52 94 17 39 55 81 43 89 44 31 87 33 24 39 88 71 25 23 77 63 26 80 56 13 48 60 13 75 69 75 99 25 27 57 34 27 30 57 41 54 22 38 78 92 75 86 90 51 16 41 81 32 73 99 87 92 76 72 87 16 78 92 65 69 34 68 78 72 38 61 35 22 32 69 54 91 53 16 14 15 12 43 18 95 40 74 42 11 84 93 36 42 40 31 69 71 85 71 89 53 44 19 77 60 23 43 93

825
483 484 483 486 483 484 483 490 483 484 483 486 483 484 483 498 483 484 483 486 483 484 483 490 483 484 483 486 483 484 483 514 483 484 483 486 483 484 483 490 483 484 483 486 483 484 483 498 483 484 483 486 483 484 483 490 483 484 483 486 483 484 483 546 483 484 483 486 483 484 483 490 483 484 483 486 483 484 483 498 483 484 483 486 483 484 483 490 483 484 483 486 483 484 483 514 483 484 483 486 483 484 483 490 483 484 483 486 483 484 483 498 483 484 483 486 483 484 483 490 483 484 483 486 483 484 483 610 483 484 483 486 483 484 483 490 483 484 483 486 483 484 483 498 483 484 483 486 483 484 483 490 483 484 483 486 483 484 483 514 483 484 483 486 483 484 483 490 483 484 483 486 483 484 483 498 483 484 483 486 483 484 483 490 483 484 483 486 483 484 483 546 483 484 483 486 483 484 483 490 483 484 483 486 483 484 483 498 483 484 483 486 483 484 483 490 483 484 483 486 483 484 483 514 483 484 483 486 483 484 483 490 483 484 483 486 483 484 483 498 483 484 483 486 483 484 483 490 483 484 483 486 483 484 483 738 483 484 483 486 483 484 483 490 483 484 483 486 483 484 483 498 483 484 483 486 483 484 483 490 483 484 483 486 483 484 483 514 483 484 483 486 483 484 483 490 483 484 483 486 483 484 483 498 483 484 483 486 483 484 483 490 483 484 483 486 483 484 483 546 483 484 483 486 483 484 483 490 483 484 483 486 483 484 483 498 483 484 483 486 483 484 483 490 483 484 483 486 483 484 483 514 483 484 483 486 483 484 483 490 483 484 483 486 483 484 483 498 483 484 483 486 483 484 483 490 483 484 483 486 483 484 483 610 483 484 483 486 483 484 483 490 483 484 483 486 483 484 483 498 483 484 483 486 483 484 483 490 483 484 483 486 483 484 483 514 483 484 483 486 483 484 483 490 483 484 483 486 483 484 483 498 483 484 483 486 483 484 483 490 483 484 483 486 483 484 483 546 483 484 483 486 483 484 483 490 483 484 483 486 483 484 483 498 483 484 483 486 483 484 483 490 483 484 483 486 483 484 483 514 483 484 483 486 483 484 483 490 483 484 483 486 483 484 483 498 483 484 483 486 483 484 483 490 483 484 483 486 483 484 483 994 483 484 483 486 483 484 483 490 483 484 483 486 483 484 483 498 483 484 483 486 483 484 483 490 483 484 483 486 483 484 483 514 483 484 483 486 483 484 483 490 483 484 483 486 483 484 483 498 483 484 483 486 483 484 483 490 483 484 483 486 483 484 483 546 483 484 483 486 483 484 483 490 483 484 483 486 483 484 483 498 483 484 483 486 483 484 483 490 483 484 483 486 483 484 483 514 483 484 483 486 483 484 483 490 483 484 483 486 483 484 483 498 483 484 483 486 483 484 483 490 483 484 483 486 483 484 483 610 483 484 483 486 483 484 483 490 483 484 483 486 483 484 483 498 483 484 483 486 483 484 483 490 483 484 483 486 483 484 483 514 483 484 483 486 483 484 483 490 483 484 483 486 483 484 483 498 483 484 483 486 483 484 483 490 483 484 483 486 483 484 483 546 483 484 483 486 483 484 483 490 483 484 483 486 483 484 483 498 483 484 483 486 483 484 483 490 483 484 483 486 483 484 483 514 483 484 483 486 483 484 483 490 483 484 483 486 483 484 483 498 483 484 483 486 483 484 483 490 483 484 483 486 483 484 483 738 483 484 483 486 483 484 483 490 483 484 483 486 483 484 483 498 483 484 483 486 483 484 483 490 483 484 483 486 483 484 483 514 483 484 483 486 483 484 483 490 483 484 483 486 483 484 483 498 483 484 483 486 483 484 483 490 483

761
10 10 11 11 11 11 11 11 11 11 11 11 12 12 12 12 12 12 12 12 12 12 12 13 13 13 13 13 14 14 14 14 14 14 14 14 14 15 15 15 15 15 15 15 15 15 15 15 15 15 15 15 16 16 16 16 16 16 17 17 17 17 17 17 17 17 18 18 18 18 19 19 19 20 20 20 20 20 20 20 20 20 20 20 20 21 21 21 21 21 21 22 22 22 22 22 22 22 22 22 23 23 23 23 23 23 23 24 24 24 24 24 24 24 25 25 25 25 25 25 25 25 25 26 26 26 26 26 26 26 26 26 27 27 27 27 27 27 27 27 27 27 27 27 28 28 28 28 28 28 28 28 28 28 28 29 29 29 29 29 30 30 30 30 30 30 30 30 30 30 31 31 31 31 31 31 31 31 31 31 31 31 32 32 32 32 32 32 32 32 32 32 32 33 33 33 33 33 33 33 33 33 33 33 33 34 34 34 34 34 34 34 34 34 34 34 34 35 35 35 35 35 35 36 36 36 36 36 36 36 36 36 36 37 37 37 37 37 37 37 37 37 38 38 38 38 38 38 38 38 38 39 39 39 39 39 39 39 39 40 40 40 40 40 40 40 41 41 41 41 41 41 41 42 42 42 42 42 42 42 42 42 42 43 43 43 43 43 43 43 44 44 44 44 44 44 44 44 44 44 44 45 45 45 45 45 45 46 46 46 46 46 46 46 46 46 47 47 47 47 47 47 47 47 47 47 47 47 47 47 48 48 48 48 48 48 48 48 49 50 50 50 50 50 50 50 50 50 50 50 51 51 51 51 51 51 51 52 52 52 52 52 53 53 53 53 53 54 54 54 54 54 54 54 54 54 54 54 54 54 54 54 55 55 55 55 55 55 55 55 56 56 56 56 56 56 56 57 57 57 57 57 57 57 57 57 58 58 58 58 58 58 58 58 59 59 59 59 59 60 60 60 61 61 61 61 61 61 61 61 61 61 62 62 62 62 62 62 62 62 62 62 62 63 63 63 63 63 63 63 63 63 63 64 64 64 64 64 64 64 64 64 64 65 65 65 65 65 65 65 65 66 66 66 66 66 66 67 67 67 67 67 67 68 68 68 68 68 68 68 68 69 69 69 69 69 69 69 69 69 70 70 70 70 70 70 70 70 71 71 71 71 71 71 71 71 72 72 72 72 73 73 73 73 73 74 74 74 74 74 74 74 74 74 74 75 75 75 75 75 75 75 75 75 76 76 76 76 76 76 76 76 76 77 77 77 77 77 77 77 77 78 78 78 78 78 78 78 78 78 78 79 79 79 79 79 79 79 79 79 79 80 80 80 80 80 80 80 80 80 81 81 81 81 81 81 81 81 82 82 82 82 82 82 82 82 82 82 82 83 83 83 83 83 83 83 83 83 83 83 83 83 83 83 83 84 84 84 84 84 84 84 84 84 84 85 85 85 85 85 85 86 86 86 86 86 86 86 86 86 86 87 87 87 87 87 87 87 87 87 87 88 88 88 88 88 88 88 88 88 88 88 88 88 89 89 89 89 89 89 89 90 90 90 90 90 90 90 90 90 90 90 90 91 91 91 92 92 92 92 92 92 92 92 93 93 93 93 93 93 93 93 94 94 94 94 94 95 95 95 95 95 95 95 95 95 96 96 96 96 96 96 96 96 96 97 97 97 97 97 97 97 97 97 97 98 98 98 98 98 98 98 98 98 99 99 99 99 99 99 99

692
7 7 1 7 1 3 9 5 7 3 2 2 4 2 7 8 3 9 8 6 9 5 8 9 9 7 6 6 8 8 4 5 4 5 8 9 5 6 8 7 7 2 4 9 2 9 2 5 9 3 5 2 4 6 7 5 1 6 3 4 1 6 8 6 1 9 3 9 3 2 9 9 4 3 3 6 2 9 7 6 7 1 8 5 7 8 4 8 9 1 2 6 8 3 8 1 8 4 1 8 2 3 8 7 2 8 1 8 2 5 8 6 2 3 1 3 4 9 2 7 4 8 4 2 6 9 9 5 6 3 6 6 4 3 8 2 8 2 9 9 4 2 1 4 1 9 3 2 8 5 8 6 4 8 8 3 7 7 7 8 5 8 5 1 4 3 3 5 4 3 7 8 8 6 5 6 9 4 5 9 4 2 6 3 6 3 1 7 3 2 6 7 8 3 3 9 5 6 8 9 1 5 1 9 7 6 9 3 3 9 4 3 4 8 2 6 1 1 2 7 7 1 6 6 4 5 6 1 9 3 2 2 4 7 5 5 7 6 1 8 6 1 7 6 6 6 1 7 5 7 1 3 3 5 2 3 2 6 7 7 2 4 8 1 4 3 7 1 1 3 1 2 3 2 1 4 9 5 8 9 2 8 2 4 6 3 2 3 1 6 2 5 4 4 1 9 9 2 7 4 4 9 4 9 7 8 6 6 2 1 1 7 3 9 9 9 6 7 2 1 8 8 8 6 4 3 2 9 5 1 1 5 7 5 4 7 1 2 1 7 9 9 5 6 1 5 6 8 7 5 9 4 4 4 1 6 5 1 1 4 3 3 6 3 1 8 2 6 7 8 5 7 7 7 7 5 4 9 7 1 7 4 7 1 7 2 6 1 1 4 5 7 1 8 5 9 6 5 1 6 3 7 3 3 3 9 5 6 5 7 3 3 9 9 3 1 6 7 5 3 4 5 7 5 1 5 1 6 2 1 9 9 7 8 7 1 3 5 9 7 7 1 8 4 1 2 8 3 8 3 2 1 6 9 7 1 1 4 4 9 9 2 6 5 3 6 7 9 8 2 6 2 2 4 1 9 2 7 9 9 5 4 3 7 2 6 7 2 2 9 1 5 6 3 6 1 6 2 2 6 1 7 9 6 7 6 8 3 5 9 2 5 4 2 7 3 7 4 2 8 2 2 1 9 2 4 7 4 9 7 1 6 4 7 4 6 2 9 2 3 5 6 7 9 8 6 2 6 3 8 7 2 4 6 7 4 9 5 1 4 2 8 9 9 1 2 2 3 8 9 5 8 7 5 3 2 9 9 3 9 4 7 2 1 8 8 8 4 6 3 7 5 1 6 9 1 1 6 7 5 4 9 6 2 8 6 6 5 6 2 4 8 7 2 1 1 8 9 2 4 1 2 1 8 6 4 1 2 9 9 9 1 1 5 1 8 4 8 7 3 7 5 4 6 6 6 8 8 2 6 3 8 6 9 5 8 9 5 3 1 3 3 4 4 4 6 9 3 5 1 1 8 2 7 1 6 8 8 8 5 5 1 7 3 5 1 9 5 8 3 9 1

666
237 237 237 237 237 237 237 237 237 237 237 237 237 237 237 237 237 237 237 237 237 237 237 237 237 237 237 237 237 237 237 237 237 237 237 237 237 237 237 237 237 237 237 237 237 237 237 237 237 237 237 237 237 237 237 237 237 237 237 237 237 237 237 237 237 237 237 237 237 237 237 237 237 237 237 237 237 237 237 237 237 237 237 237 237 237 237 237 237 237 237 237 237 237 237 237 237 237 237 237 237 237 237 237 237 237 237 237 237 237 237 237 237 237 237 237 237 237 237 237 237 237 237 237 237 237 237 237 237 237 237 237 237 237 237 237 237 237 237 237 237 237 237 237 237 237 237 237 237 237 237 237 237 237 237 237 237 237 237 237 237 237 237 237 237 237 237 237 237 237 237 237 237 237 237 237 237 237 237 237 237 237 237 237 237 237 237 237 237 237 237 237 237 237 237 237 237 237 237 237 237 237 237 237 237 237 237 237 237 237 237 237 237 237 237 237 237 237 237 237 237 237 237 237 237 237 237 237 237 237 237 237 237 237 237 237 237 237 237 237 237 237 237 237 237 237 237 237 237 237 237 237 237 237 237 237 237 237 237 237 237 237 237 237 237 237 237 237 237 237 237 237 237 237 237 237 237 237 237 237 237 237 237 237 237 237 237 237 237 237 237 237 237 237 237 237 237 237 237 237 237 237 237 237 237 237 237 237 237 237 237 237 237 237 237 237 237 237 237 237 237 237 237 237 237 237 237 237 237 237 237 237 237 237 237 237 237 237 237 237 237 237 237 237 237 237 237 237 237 237 237 237 237 237 237 237 237 237 237 237 237 237 237 237 237 237 237 237 237 237 237 237 237 237 237 237 237 237 237 237 237 237 237 237 237 237 237 237 237 237 237 237 237 237 237 237 237 237 237 237 237 237 237 237 237 237 237 237 237 237 237 237 237 237 237 237 237 237 237 237 237 237 237 237 237 237 237 237 237 237 237 237 237 237 237 237 237 237 237 237 237 237 237 237 237 237 237 237 237 237 237 237 237 237 237 237 237 237 237 237 237 237 237 237 237 237 237 237 237 237 237 237 237 237 237 237 237 237 237 237 237 237 237 237 237 237 237 237 237 237 237 237 237 237 237 237 237 237 237 237 237 237 237 237 237 237 237 237 237 237 237 237 237 237 237 237 237 237 237 237 237 237 237 237 237 237 237 237 237 237 237 237 237 237 237 237 237 237 237 237 237 237 237 237 237 237 237 237 237 237 237 237 237 237 237 237 237 237 237 237 237 237 237 237 237 237 237 237 237 237 237 237 237 237 237 237 237 237 237 237 237 237 237 237 237 237 237 237 237 237 237 237 237 237 237 237 237 237 237 237 237 237 237 237 237 237 237 237 237 237 237 237 237 237 237 237 237 237 237 237 237 237 237 237 237 237 237 237 237 237 237 237 237 237 237 237 237 237 237 237 237 237 237 237 237 237 237 237 237 237 237 237 237 237 237 237 237 237 237 237 237 237 237 237 237 237

835
403 567 337 235 144 392 389 804 711 867 427 119 563 971 917 789 173 463 471 269 873 870 855 767 117 447 913 324 589 553 954 677 385 522 125 343 140 809 484 242 903 588 118 248 933 353 261 868 899 303 391 421 882 528 332 671 381 881 182 161 477 862 455 345 728 529 286 652 975 281 363 677 600 130 947 925 215 884 875 289 658 220 517 229 758 584 357 673 250 169 284 378 656 418 676 763 691 876 944 796 618 724 489 137 123 319 244 666 251 204 429 934 549 566 618 573 462 390 139 479 578 896 378 625 547 465 956 949 518 153 861 738 909 832 222 231 652 346 472 955 390 729 280 535 836 778 193 188 213 133 927 507 927 235 534 861 742 642 678 742 306 673 456 897 755 689 152 736 242 748 959 262 284 299 652 200 273 741 808 158 185 969 876 712 431 865 362 217 649 417 232 992 160 715 714 858 110 129 438 909 241 147 826 332 821 935 982 818 418 820 139 520 856 158 912 555 601 156 854 230 564 437 591 485 960 414 219 803 432 485 128 516 438 421 316 403 597 279 818 755 960 553 728 157 783 985 775 509 113 789 879 325 756 871 155 894 201 528 274 422 412 369 385 817 168 618 543 505 421 114 320 700 745 991 671 757 546 649 500 419 122 442 351 124 404 615 573 327 121 356 959 869 484 477 376 348 328 793 876 229 417 641 276 269 200 245 415 318 713 440 494 942 654 940 822 269 177 905 402 420 479 298 679 138 136 948 426 744 566 781 771 551 947 629 916 627 153 153 950 761 201 710 192 882 780 362 246 330 568 369 666 672 424 957 873 167 672 149 941 416 922 573 417 713 217 352 501 270 897 998 231 142 957 928 869 538 356 821 716 167 821 113 374 668 546 565 989 585 100 112 269 615 430 707 603 144 101 718 829 676 683 491 863 577 961 822 724 106 186 311 847 858 567 199 877 648 977 905 533 437 999 467 275 548 231 807 223 580 818 973 939 375 299 878 522 402 135 108 684 227 445 727 791 133 265 206 796 233 520 786 540 878 418 456 783 449 491 712 388 864 464 556 997 795 388 318 348 455 696 356 398 616 250 824 119 694 501 935 684 599 356 460 261 359 501 753 869 185 966 284 556 593 194 757 791 283 144 670 588 362 345 659 794 893 260 120 554 855 332 390 506 263 833 526 845 544 231 137 557 539 755 891 524 899 140 621 527 747 340 396 180 272 923 154 330 250 667 580 745 438 858 727 491 337 930 379 124 901 778 486 666 948 683 892 561 251 441 899 877 623 644 742 787 125 385 905 188 455 320 115 394 681 905 625 453 280 367 567 323 485 414 784 909 333 110 199 364 177 263 179 945 510 381 476 389 379 357 105 607 699 713 939 791 216 593 221 953 324 161 237 992 696 737 714 592 163 262 809 701 888 312 391 802 888 332 703 224 905 547 861 514 852 524 423 705 145 680 614 767 564 482 700 965 107 948 964 827 433 272 306 306 605 242 317 371 436 582 456 921 679 815 346 207 857 554 978 448 678 724 959 378 660 905 623 589 843 683 351 147 645 417 376 328 723 529 411 832 745 657 802 825 558 776 352 753 558 175 482 160 491 163 204 400 917 393 697 465 778 323 281 991 603 442 234 586 715 802 932 464 470 769 298 391 411 175 850 219 376 469 888 228 536 110 637 743 887 352 329 535 632 772 260 676 397 180 946 991 131 840 632 634 584 447 307 920 934 478 139 371 432 864 188 787 220 412 538 163 925 602 694 485 755 197 570 678 470 536 452 948 512 894 850 615 627 598 393 613 530 184 872 973 836 630 992 304 754 480 193 287 272 993 327 684 998 689 389 727 651 828 488 675 153 400 842 875 778 509 660 173 944 584 496 794 733 747 281 646 102 269 941 697 332 116 518 302

510
526 428 813 832 725 298 464 742 377 140 836 194 793 350 210 107 358 416 372 379 410 520 968 990 235 861 743 100 209 111 798 868 919 642 159 752 370 617 586 584 489 576 462 989 912 432 497 281 130 560 991 962 414 171 236 157 479 962 176 143 826 943 585 932 900 547 312 278 886 184 511 421 457 886 533 837 899 995 562 593 241 659 489 849 956 527 463 256 311 858 394 520 763 516 540 487 932 558 932 912 110 659 721 883 862 676 181 856 458 424 422 977 701 265 886 664 520 726 754 687 605 800 764 615 451 775 860 942 989 933 553 876 236 791 379 863 479 184 798 552 348 334 272 818 563 776 255 595 288 422 419 304 129 150 671 698 127 468 561 519 199 657 811 950 503 687 938 817 739 825 251 575 444 250 585 678 346 836 519 965 738 137 881 646 175 458 723 501 778 442 482 786 146 323 728 954 342 692 390 492 913 189 197 354 748 195 226 440 899 125 999 591 456 601 901 696 764 619 928 226 642 395 205 140 117 628 746 931 967 665 382 981 211 560 187 362 275 749 426 941 692 963 334 378 376 832 905 714 420 559 169 643 425 675 454 961 120 938 473 455 953 782 411 595 167 949 506 591 219 375 954 953 596 421 210 382 962 638 942 385 402 874 701 995 127 494 424 423 965 529 982 617 518 137 773 645 172 748 955 744 984 953 875 941 450 554 231 472 678 446 429 534 628 884 955 897 443 913 732 357 231 377 187 783 787 982 594 619 801 817 217 268 656 862 764 453 492 377 363 963 720 859 953 650 636 429 409 904 502 209 861 474 505 385 291 921 287 431 935 728 496 602 526 632 621 379 560 386 767 102 695 295 127 649 143 301 309 799 586 978 352 154 357 701 411 533 654 947 842 579 117 635 732 725 718 472 345 933 195 805 758 390 895 321 866 263 194 453 644 975 932 732 540 373 842 569 309 535 954 431 948 976 664 474 948 365 422 263 333 892 746 246 650 939 813 268 710 917 259 575 101 397 289 660 477 814 509 927 292 544 713 255 289 732 407 692 120 134 101 275 820 468 584 736 663 133 622 428 555 686 899 206 460 349 414 522 452 227 156 512 772 226 550 729 705 737 637 301 573 886 633 604 568 167 661 492 938 549 489 852 347 517 914 199 759 415 352 247 130 440

609
310 311 310 313 310 311 310 317 310 311 310 313 310 311 310 325 310 311 310 313 310 311 310 317 310 311 310 313 310 311 310 341 310 311 310 313 310 311 310 317 310 311 310 313 310 311 310 325 310 311 310 313 310 311 310 317 310 311 310 313 310 311 310 373 310 311 310 313 310 311 310 317 310 311 310 313 310 311 310 325 310 311 310 313 310 311 310 317 310 311 310 313 310 311 310 341 310 311 310 313 310 311 310 317 310 311 310 313 310 311 310 325 310 311 310 313 310 311 310 317 310 311 310 313 310 311 310 437 310 311 310 313 310 311 310 317 310 311 310 313 310 311 310 325 310 311 310 313 310 311 310 317 310 311 310 313 310 311 310 341 310 311 310 313 310 311 310 317 310 311 310 313 310 311 310 325 310 311 310 313 310 311 310 317 310 311 310 313 310 311 310 373 310 311 310 313 310 311 310 317 310 311 310 313 310 311 310 325 310 311 310 313 310 311 310 317 310 311 310 313 310 311 310 341 310 311 310 313 310 311 310 317 310 311 310 313 310 311 310 325 310 311 310 313 310 311 310 317 310 311 310 313 310 311 310 565 310 311 310 313 310 311 310 317 310 311 310 313 310 311 310 325 310 311 310 313 310 311 310 317 310 311 310 313 310 311 310 341 310 311 310 313 310 311 310 317 310 311 310 313 310 311 310 325 310 311 310 313 310 311 310 317 310 311 310 313 310 311 310 373 310 311 310 313 310 311 310 317 310 311 310 313 310 311 310 325 310 311 310 313 310 311 310 317 310 311 310 313 310 311 310 341 310 311 310 313 310 311 310 317 310 311 310 313 310 311 310 325 310 311 310 313 310 311 310 317 310 311 310 313 310 311 310 437 310 311 310 313 310 311 310 317 310 311 310 313 310 311 310 325 310 311 310 313 310 311 310 317 310 311 310 313 310 311 310 341 310 311 310 313 310 311 310 317 310 311 310 313 310 311 310 325 310 311 310 313 310 311 310 317 310 311 310 313 310 311 310 373 310 311 310 313 310 311 310 317 310 311 310 313 310 311 310 325 310 311 310 313 310 311 310 317 310 311 310 313 310 311 310 341 310 311 310 313 310 311 310 317 310 311 310 313 310 311 310 325 310 311 310 313 310 311 310 317 310 311 310 313 310 311 310 821 310 311 310 313 310 311 310 317 310 311 310 313 310 311 310 325 310 311 310 313 310 311 310 317 310 311 310 313 310 311 310 341 310 311 310 313 310 311 310 317 310 311 310 313 310 311 310 325 310 311 310 313 310 311 310 317 310 311 310 313 310 311 310 373 310 311 310 313 310 311 310 317 310 311 310 313 310 311 310 325 310 311 310 313 310 311 310 317 310 311 310 313 310 311 310 341 310

595
9 9 9 9 9 9 9 9 9 9 9 9 9 9 9 9 9 9 9 9 9 9 9 9 9 9 9 9 9 9 9 9 9 9 9 9 9 9 9 9 9 9 9 9 9 9 9 9 9 9 9 9 9 9 9 9 9 9 9 9 9 9 9 9 9 9 9 8 8 8 8 8 8 8 8 8 8 8 8 8 8 8 8 8 8 8 8 8 8 8 8 8 8 8 8 8 8 8 8 8 8 8 8 8 8 8 8 8 8 8 8 8 8 8 8 8 8 8 8 8 8 8 8 8 8 8 8 8 8 8 8 8 8 8 8 8 7 7 7 7 7 7 7 7 7 7 7 7 7 7 7 7 7 7 7 7 7 7 7 7 7 7 7 7 7 7 7 7 7 7 7 7 7 7 7 7 7 7 7 7 7 7 7 7 7 7 7 7 7 7 7 7 7 7 7 7 7 7 7 7 7 7 7 7 7 7 7 7 7 6 6 6 6 6 6 6 6 6 6 6 6 6 6 6 6 6 6 6 6 6 6 6 6 6 6 6 6 6 6 6 6 6 6 6 6 6 6 6 6 6 6 6 6 6 6 6 6 6 6 6 6 6 6 6 6 5 5 5 5 5 5 5 5 5 5 5 5 5 5 5 5 5 5 5 5 5 5 5 5 5 5 5 5 5 5 5 5 5 5 5 5 5 5 5 5 5 5 5 5 5 5 5 5 5 5 5 5 5 5 5 5 5 5 5 5 5 4 4 4 4 4 4 4 4 4 4 4 4 4 4 4 4 4 4 4 4 4 4 4 4 4 4 4 4 4 4 4 4 4 4 4 4 4 4 4 4 4 4 4 4 4 4 4 4 4 4 4 4 4 4 4 4 4 4 4 4 4 4 4 4 4 3 3 3 3 3 3 3 3 3 3 3 3 3 3 3 3 3 3 3 3 3 3 3 3 3 3 3 3 3 3 3 3 3 3 3 3 3 3 3 3 3 3 3 3 3 3 3 3 3 3 3 3 3 3 3 3 3 3 3 3 2 2 2 2 2 2 2 2 2 2 2 2 2 2 2 2 2 2 2 2 2 2 2 2 2 2 2 2 2 2 2 2 2 2 2 2 2 2 2 2 2 2 2 2 2 2 2 2 2 2 2 2 2 2 2 2 2 2 2 2 2 2 2 2 1 1 1 1 1 1 1 1 1 1 1 1 1 1 1 1 1 1 1 1 1 1 1 1 1 1 1 1 1 1 1 1 1 1 1 1 1 1 1 1 1 1 1 1 1 1 1 1 1 1 1 1 1 1 1 1 1 1 1 1 1 1 1 1 1 1 1 1 1 1 1 1 1 1 1 1 1 1 1 1
